0.693147
------------ะก++-------------
==False sharing==
    Result	      Time  	   Speedup
  0.693147	       116	         1
  0.693147	        70	   1.65714
  0.693147	        50	      2.32
  0.693147	        37	   3.13514
  0.693147	        46	   2.52174
  0.693147	        32	     3.625
  0.693147	        25	      4.64
  0.693147	        26	   4.46154
  0.693147	        24	   4.83333
  0.693147	        20	       5.8
  0.693147	        20	       5.8
  0.693147	        19	   6.10526
  0.693147	        31	   3.74194
  0.693147	        23	   5.04348
  0.693147	        22	   5.27273
  0.693147	        27	    4.2963
  0.693147	        27	    4.2963
  0.693147	        19	   6.10526
  0.693147	        19	   6.10526
  0.693147	        20	       5.8
  0.693147	        22	   5.27273
  0.693147	        22	   5.27273
  0.693147	        17	   6.82353
  0.693147	        21	   5.52381
  0.693147	        18	   6.44444
  0.693147	        16	      7.25
  0.693147	        18	   6.44444
  0.693147	        20	       5.8
  0.693147	        19	   6.10526
  0.693147	        18	   6.44444
  0.693147	        13	   8.92308
  0.693147	        17	   6.82353
  0.693147	        13	   8.92308
  0.693147	        16	      7.25
  0.693147	        15	   7.73333
  0.693147	        12	   9.66667
  0.693147	        13	   8.92308
  0.693147	        16	      7.25
  0.693147	        15	   7.73333
  0.693147	        14	   8.28571
  0.693147	        15	   7.73333
  0.693147	        16	      7.25
  0.693147	        13	   8.92308
  0.693147	        14	   8.28571
  0.693147	        15	   7.73333
  0.693147	        17	   6.82353
  0.693147	        14	   8.28571
  0.693147	        14	   8.28571
==Alignment==
    Result	      Time  	   Speedup
  0.693147	       117	         1
  0.693147	        59	   1.98305
  0.693147	        39	         3
  0.693147	        29	   4.03448
  0.693147	        24	     4.875
  0.693147	        20	      5.85
  0.693147	        17	   6.88235
  0.693147	        15	       7.8
  0.693147	        14	   8.35714
  0.693147	        13	         9
  0.693147	        12	      9.75
  0.693147	        11	   10.6364
  0.693147	        19	   6.15789
  0.693147	        18	       6.5
  0.693147	        17	   6.88235
  0.693147	        15	       7.8
  0.693147	        15	       7.8
  0.693147	        14	   8.35714
  0.693147	        13	         9
  0.693147	        13	         9
  0.693147	        12	      9.75
  0.693147	        12	      9.75
  0.693147	        11	   10.6364
  0.693147	        11	   10.6364
  0.693147	        11	   10.6364
  0.693147	        10	      11.7
  0.693147	        10	      11.7
  0.693147	        10	      11.7
  0.693147	         9	        13
  0.693147	         9	        13
  0.693147	         9	        13
  0.693147	         9	        13
  0.693147	         8	    14.625
  0.693147	         9	        13
  0.693147	         8	    14.625
  0.693147	         9	        13
  0.693147	        10	      11.7
  0.693147	        10	      11.7
  0.693147	        10	      11.7
  0.693147	        10	      11.7
  0.693147	         9	        13
  0.693147	         9	        13
  0.693147	         9	        13
  0.693147	        10	      11.7
  0.693147	        10	      11.7
  0.693147	        10	      11.7
  0.693147	         9	        13
  0.693147	        10	      11.7
==Atomic==
    Result	      Time  	   Speedup
  0.693147	       381	         1
  4.671101	       904	   0.42146
  1.176508	       860	  0.443023
  1.694331	       750	     0.508
  1.132280	       867	  0.439446
  2.439487	       740	  0.514865
  0.571435	       849	  0.448763
  1.068129	       701	  0.543509
  0.919705	       626	  0.608626
  1.936069	       541	  0.704251
  0.227119	       518	  0.735521
  1.075257	       525	  0.725714
  0.757155	       526	  0.724335
  0.513842	       492	   0.77439
  1.241878	       449	  0.848552
  0.784714	       517	  0.736944
  0.332767	       501	  0.760479
  0.057247	       471	  0.808917
  0.782304	       466	  0.817597
  1.769510	       449	  0.848552
  0.805178	       422	  0.902844
  0.664376	       440	  0.865909
  1.322895	       481	    0.7921
  1.306007	       413	  0.922518
  1.002535	       517	  0.736944
  1.392111	       487	  0.782341
  1.016372	       547	  0.696527
  1.790694	       524	  0.727099
  0.488600	       613	  0.621533
  0.942770	       606	  0.628713
  0.263640	       584	  0.652397
 -0.170815	       658	  0.579027
  1.067427	       574	  0.663763
  1.147508	       639	  0.596244
  0.870619	       596	  0.639262
  0.654388	       589	  0.646859
  0.969574	       591	   0.64467
  0.852221	       551	   0.69147
  0.621264	       582	  0.654639
  0.722869	       444	  0.858108
  1.035722	       552	  0.690217
  0.705605	       423	  0.900709
  1.046432	       569	  0.669596
  1.066122	       420	  0.907143
  0.874284	       470	  0.810638
  1.160899	       405	  0.940741
  0.513796	       440	  0.865909
  0.486150	       404	  0.943069
==Critical==
    Result	      Time  	   Speedup
  0.693147	        64	         1
  0.693147	        42	   1.52381
  0.693147	        36	   1.77778
  0.693147	        27	   2.37037
  0.693147	        19	   3.36842
  0.693147	        20	       3.2
  0.693147	        17	   3.76471
  0.693147	        15	   4.26667
  0.693147	        14	   4.57143
  0.693147	        12	   5.33333
  0.693147	        12	   5.33333
  0.693147	        11	   5.81818
  0.693147	        18	   3.55556
  0.693147	        17	   3.76471
  0.693147	        17	   3.76471
  0.693147	        15	   4.26667
  0.693147	        15	   4.26667
  0.693147	        14	   4.57143
  0.693147	        14	   4.57143
  0.693147	        13	   4.92308
  0.693147	        12	   5.33333
  0.693147	        12	   5.33333
  0.693147	        11	   5.81818
  0.693147	        11	   5.81818
  0.693147	        11	   5.81818
  0.693147	        10	       6.4
  0.693147	        10	       6.4
  0.693147	         9	   7.11111
  0.693147	         9	   7.11111
  0.693147	         9	   7.11111
  0.693147	         9	   7.11111
  0.693147	         9	   7.11111
  0.693147	         9	   7.11111
  0.693147	         8	         8
  0.693147	         9	   7.11111
  0.693147	        10	       6.4
  0.693147	        10	       6.4
  0.693147	        10	       6.4
  0.693147	        10	       6.4
  0.693147	        10	       6.4
  0.693147	        10	       6.4
  0.693147	         9	   7.11111
  0.693147	         9	   7.11111
  0.693147	         9	   7.11111
  0.693147	         9	   7.11111
  0.693147	         9	   7.11111
  0.693147	         9	   7.11111
  0.693147	         9	   7.11111
==Reduction (static)==
    Result	      Time  	   Speedup
  0.693147	       114	         1
  0.693147	        59	    1.9322
  0.693147	        39	   2.92308
  0.693147	        30	       3.8
  0.693147	        24	      4.75
  0.693147	        20	       5.7
  0.693147	        18	   6.33333
  0.693147	        16	     7.125
  0.693147	        14	   8.14286
  0.693147	        13	   8.76923
  0.693147	        13	   8.76923
  0.693147	        12	       9.5
  0.693147	        19	         6
  0.693147	        19	         6
  0.693147	        18	   6.33333
  0.693147	        17	   6.70588
  0.693147	        17	   6.70588
  0.693147	        16	     7.125
  0.693147	        15	       7.6
  0.693147	        15	       7.6
  0.693147	        15	       7.6
  0.693147	        14	   8.14286
  0.693147	        14	   8.14286
  0.693147	        14	   8.14286
  0.693147	        13	   8.76923
  0.693147	        13	   8.76923
  0.693147	        13	   8.76923
  0.693147	        13	   8.76923
  0.693147	        12	       9.5
  0.693147	        12	       9.5
  0.693147	        13	   8.76923
  0.693147	        12	       9.5
  0.693147	        13	   8.76923
  0.693147	        12	       9.5
  0.693147	        12	       9.5
  0.693147	        12	       9.5
  0.693147	        15	       7.6
  0.693147	        15	       7.6
  0.693147	        15	       7.6
  0.693147	        15	       7.6
  0.693147	        15	       7.6
  0.693147	        15	       7.6
  0.693147	        14	   8.14286
  0.693147	        16	     7.125
  0.693147	        15	       7.6
  0.693147	        15	       7.6
  0.693147	        15	       7.6
  0.693147	        16	     7.125
------------OpenMP-------------
==False sharing==
    Result	      Time  	   Speedup
  0.693147	       117	         1
  0.693147	        63	   1.85714
  0.693147	        41	   2.85366
  0.693147	        33	   3.54545
  0.693147	        27	   4.33333
  0.693147	        27	   4.33333
  0.693147	        21	   5.57143
  0.693147	        22	   5.31818
  0.693147	        19	   6.15789
  0.693147	        19	   6.15789
  0.693147	        16	    7.3125
  0.693147	        17	   6.88235
  0.693147	        22	   5.31818
  0.693147	        22	   5.31818
  0.693147	        17	   6.88235
  0.693147	        21	   5.57143
  0.693147	        21	   5.57143
  0.693147	        19	   6.15789
  0.693147	        17	   6.88235
  0.693147	        16	    7.3125
  0.693147	        16	    7.3125
  0.693147	        16	    7.3125
  0.693147	        15	       7.8
  0.693147	        16	    7.3125
  0.693147	        13	         9
  0.693147	        13	         9
  0.693147	        13	         9
  0.693147	        12	      9.75
  0.693147	        13	         9
  0.693147	        11	   10.6364
  0.693147	        12	      9.75
  0.693147	        13	         9
  0.693147	        10	      11.7
  0.693147	        12	      9.75
  0.693147	        10	      11.7
  0.693147	        10	      11.7
  0.693147	        12	      9.75
  0.693147	        14	   8.35714
  0.693147	        14	   8.35714
  0.693147	        15	       7.8
  0.693147	        12	      9.75
  0.693147	        15	       7.8
  0.693147	        14	   8.35714
  0.693147	        15	       7.8
  0.693147	        15	       7.8
  0.693147	        14	   8.35714
  0.693147	        14	   8.35714
  0.693147	        12	      9.75
==Alignment==
    Result	      Time  	   Speedup
  0.693147	        61	         1
  0.693147	        29	   2.10345
  0.693147	        20	      3.05
  0.693147	        15	   4.06667
  0.693147	        12	   5.08333
  0.693147	        10	       6.1
  0.693147	         9	   6.77778
  0.693147	         8	     7.625
  0.693147	         7	   8.71429
  0.693147	         7	   8.71429
  0.693147	         6	   10.1667
  0.693147	        11	   5.54545
  0.693147	        10	       6.1
  0.693147	         9	   6.77778
  0.693147	         9	   6.77778
  0.693147	         8	     7.625
  0.693147	         8	     7.625
  0.693147	         8	     7.625
  0.693147	         7	   8.71429
  0.693147	         7	   8.71429
  0.693147	         7	   8.71429
  0.693147	         7	   8.71429
  0.693147	         7	   8.71429
  0.693147	         7	   8.71429
  0.693147	         7	   8.71429
  0.693147	         6	   10.1667
  0.693147	         7	   8.71429
  0.693147	         7	   8.71429
  0.693147	         7	   8.71429
  0.693147	         7	   8.71429
  0.693147	         7	   8.71429
  0.693147	         7	   8.71429
  0.693147	         8	     7.625
  0.693147	         7	   8.71429
  0.693147	         7	   8.71429
  0.693147	         7	   8.71429
  0.693147	        10	       6.1
  0.693147	        10	       6.1
  0.693147	         9	   6.77778
  0.693147	        10	       6.1
  0.693147	        10	       6.1
  0.693147	        10	       6.1
  0.693147	        10	       6.1
  0.693147	        10	       6.1
  0.693147	        10	       6.1
  0.693147	        10	       6.1
  0.693147	        10	       6.1
  0.693147	        10	       6.1
==Atomic==
    Result	      Time  	   Speedup
  0.693147	       206	         1
  0.693147	       320	   0.64375
  0.693147	       354	  0.581921
  0.693147	       306	  0.673203
  0.693147	       273	  0.754579
  0.693147	       249	  0.827309
  0.693147	       229	  0.899563
  0.693147	       212	  0.971698
  0.693147	       205	   1.00488
  0.693147	       200	      1.03
  0.693147	       200	      1.03
  0.693147	       200	      1.03
  0.693147	       200	      1.03
  0.693147	       200	      1.03
  0.693147	       200	      1.03
  0.693147	       200	      1.03
  0.693147	       200	      1.03
  0.693147	       200	      1.03
  0.693147	       200	      1.03
  0.693147	       200	      1.03
  0.693147	       200	      1.03
  0.693147	       200	      1.03
  0.693147	       200	      1.03
  0.693147	       200	      1.03
  0.693147	       200	      1.03
  0.693147	       200	      1.03
  0.693147	       200	      1.03
  0.693147	       200	      1.03
  0.693147	       200	      1.03
  0.693147	       200	      1.03
  0.693147	       200	      1.03
  0.693147	       200	      1.03
  0.693147	       200	      1.03
  0.693147	       200	      1.03
  0.693147	       200	      1.03
  0.693147	       200	      1.03
  0.693147	       200	      1.03
  0.693147	       200	      1.03
  0.693147	       200	      1.03
  0.693147	       200	      1.03
  0.693147	       200	      1.03
  0.693147	       200	      1.03
  0.693147	       200	      1.03
  0.693147	       200	      1.03
  0.693147	       200	      1.03
  0.693147	       200	      1.03
  0.693147	       200	      1.03
  0.693147	       200	      1.03
==Critical==
    Result	      Time  	   Speedup
  0.693147	        96	         1
  0.693147	        96	         1
  0.693147	        65	   1.47692
  0.693147	        47	   2.04255
  0.693147	        33	   2.90909
  0.693147	        28	   3.42857
  0.693147	        28	   3.42857
  0.693147	        25	      3.84
  0.693147	        22	   4.36364
  0.693147	        21	   4.57143
  0.693147	        19	   5.05263
  0.693147	        16	         6
  0.693147	        18	   5.33333
  0.693147	        17	   5.64706
  0.693147	        17	   5.64706
  0.693147	        16	         6
  0.693147	        15	       6.4
  0.693147	        15	       6.4
  0.693147	        14	   6.85714
  0.693147	        13	   7.38462
  0.693147	        13	   7.38462
  0.693147	        13	   7.38462
  0.693147	        12	         8
  0.693147	        12	         8
  0.693147	        12	         8
  0.693147	        10	       9.6
  0.693147	        10	       9.6
  0.693147	        10	       9.6
  0.693147	        10	       9.6
  0.693147	        10	       9.6
  0.693147	        10	       9.6
  0.693147	        10	       9.6
  0.693147	        10	       9.6
  0.693147	        10	       9.6
  0.693147	        11	   8.72727
  0.693147	        10	       9.6
  0.693147	        11	   8.72727
  0.693147	        12	         8
  0.693147	        11	   8.72727
  0.693147	        11	   8.72727
  0.693147	        11	   8.72727
  0.693147	        12	         8
  0.693147	        11	   8.72727
  0.693147	        11	   8.72727
  0.693147	        11	   8.72727
  0.693147	        11	   8.72727
  0.693147	        11	   8.72727
  0.693147	        11	   8.72727
==Reduction (static)==
    Result	      Time  	   Speedup
  0.693147	        81	         1
  0.693147	        37	   2.18919
  0.693147	        39	   2.07692
  0.693147	        28	   2.89286
  0.693147	        36	      2.25
  0.693147	        14	   5.78571
  0.693147	        17	   4.76471
  0.693147	        15	       5.4
  0.693147	        14	   5.78571
  0.693147	        13	   6.23077
  0.693147	        12	      6.75
  0.693147	        11	   7.36364
  0.693147	        19	   4.26316
  0.693147	        16	    5.0625
  0.693147	        15	       5.4
  0.693147	        15	       5.4
  0.693147	        14	   5.78571
  0.693147	        13	   6.23077
  0.693147	        13	   6.23077
  0.693147	        12	      6.75
  0.693147	        10	       8.1
  0.693147	        10	       8.1
  0.693147	        10	       8.1
  0.693147	         9	         9
  0.693147	         9	         9
  0.693147	         9	         9
  0.693147	         9	         9
  0.693147	         9	         9
  0.693147	         9	         9
  0.693147	         8	    10.125
  0.693147	         8	    10.125
  0.693147	         7	   11.5714
  0.693147	        11	   7.36364
  0.693147	         8	    10.125
  0.693147	        10	       8.1
  0.693147	        10	       8.1
  0.693147	        11	   7.36364
  0.693147	        11	   7.36364
  0.693147	        10	       8.1
  0.693147	        11	   7.36364
  0.693147	        10	       8.1
  0.693147	        10	       8.1
  0.693147	        10	       8.1
  0.693147	        11	   7.36364
  0.693147	        10	       8.1
  0.693147	        11	   7.36364
  0.693147	        10	       8.1
  0.693147	        10	       8.1
==Reduction (dynamic)==
    Result	      Time  	   Speedup
  0.693147	       289	         1
  0.693147	       253	   1.14229
  0.693147	       244	   1.18443
  0.693147	       227	   1.27313
  0.693147	       218	   1.32569
  0.693147	       233	   1.24034
  0.693147	       236	   1.22458
  0.693147	       236	   1.22458
  0.693147	       240	   1.20417
  0.693147	       271	   1.06642
  0.693147	       267	    1.0824
  0.693147	       279	   1.03584
  0.693147	       278	   1.03957
  0.693147	       289	         1
  0.693147	       319	  0.905956
  0.693147	       337	  0.857567
  0.693147	       385	  0.750649
  0.693147	       399	  0.724311
  0.693147	       421	  0.686461
  0.693147	       472	  0.612288
  0.693147	       502	  0.575697
  0.693147	       408	  0.708333
  0.693147	       527	  0.548387
  0.693147	       485	  0.595876
  0.693147	      1512	  0.191138
  0.693147	       828	  0.349034
  0.693147	       785	  0.368153
  0.693147	      1519	  0.190257
  0.693147	       964	  0.299793
  0.693147	      1143	  0.252843
  0.693147	      1738	  0.166283
  0.693147	      1200	  0.240833
  0.693147	      1245	  0.232129
  0.693147	      1273	  0.227023
  0.693147	      1084	  0.266605
  0.693147	      1909	  0.151388
  0.693147	      1348	  0.214392
  0.693147	      1821	  0.158704
  0.693147	      1974	  0.146403
  0.693147	      1388	  0.208213
  0.693147	      1425	  0.202807
  0.693147	      1499	  0.192795
  0.693147	      1512	  0.191138
  0.693147	      2056	  0.140564
  0.693147	      1532	  0.188642
  0.693147	      2037	  0.141875
  0.693147	      1554	  0.185972
  0.693147	      1978	  0.146107
